15840981672
13674083615
18857293618
13965093271
13671038564
13685203619
18538719062
13576129540
13923741569
18868123475
13660728543
18676539401
15841576932
13915974382
13936907825
15810657923
13936917248
13679863401
18862345781
15875601293
18819348205
13623746801
18638926051
13676914305
18573915268
13591035864
13543820156
18612634078
13965381240
15851628703
13632586790
15867315208
18871962308
15831028754
15820637591
13948970125
13645391678
15808276543
18617253490
13931869742
15839086217
18521069437
13582460193
13681624390
13631469207
15812937450
13546389021
13690148752
15830285649
13617208395
13597213456
18802497638
13650816427
15871590432
13929570184
18897654031
13990348715
13653810492
15835068927
18825179603
15840735219
13601643825
15804265813
13687169450
15883672019
15369015284
18640179528
15886759120
15873841529
15839501286
13942093675
18690256318
13554701236
13556142738
13657641239
13939548210
13647261358
13524719853
13609216378
18858361094
13579254180
18803124756
18671289054
13646573081
13551328674
18860471259
